..4,-

Ut eutem quem eeeuratimime hoperti usum eum Tibulli eon-
ferrem, non potui, quin, quoties qlieeque formularum, ques medo*
stetui, in utroque poete oeeurret, quanta potui diligentia, enumerarem.

Ut quam brevissime rem peragam, quantum differant inter
se duo poetae, hoe numerorum schemate exprimo: .

Tibullus. ι) Propertius.²)
form. Ι. hexam. pent. hex. pent.
8 58 60 120

„11.- 4519
.„1fl.15 2670 75
,11, e 3013 57
„me 52125
„vi- 1-13
„vn.·1 -- 8
,vm1--4 5

-—-—--——-

¹) cfr. Streifinger ,de syntaxi Tib. p. 39⁶.

’1561111 hex. 1, 2, 19, 3, 33, 5, 15, 8, 19, 15, 31, 18, 21, ΙΙ, 1, 33,
3, 21, 6, 15, 8, 23, 9, 48; ΙΙΙ, 1, 25, 5, 19; 8, 47, 12, 31, 13, 21, 15, 15,
17, 15, 24, 15, 29, 9, 32, 35, IV, 2, 41,45,47, 3, 11, 6,45, 55, 8, 35;49;
9, 7, 10, 9, 51, 11, 7, 16, 14, 25, 27, 31, 17, 7, 20, 9, 21, 13, 25,17, V, 1,
3; 15;33; 51; 61; 91; 2, 1, 4, 25, 69, 5, 75, 6, 17, 7, 65, 85, 87,,8, 3, 25,
10, 21, 11, 8. - in pentem. l, 2, 2, 28, 3, 4, 6, 10, 9,18,11,6,12,12,
16, 22, 17, 4, 8, 11, 17, 18. 1, 32, 19, 2, 24, ΙΙ, 1, 28, 72, 2, 10, 3, 34, 6,
28,7,14; ΙΙΙ, 6, 26, 8, 22, 9, 14; 11, 26, 15, 12, 18, 14, 22, 30, 24, 16, 24,
28, 25, 4, 28, 28, 38, 30,40, 58, 31, 38, 32, 40, 17, 1, 40, 2, 32, 34, 48, 3,
6, 5, 6, 18, 7, 6, 8, 4, 25, 52, 56, 9, 14, 18, 10,2, 12, 16, 20, 22; 52,11,
28,12,52, 13, 2, 4, 12, 26, 14, 26, 15,’28, 16, 22, 28, 20, 8, 21, 2, 24, 20),
V, 1, 18, 22, 92, 3, 8, 10, 20, 26, 54, 62, 72, 4, 14; 16, 40, 48, 54, 78, 5,
24, 44, 56, 72, 6, 2, 34, 54, 7, 18, 38, 62, 80, 8, 3, 1838, 42, 62,9, 28,
34, 40, 64, 10, 4, 18, 28, 11, 26, 34, 72, 86.

ed 11. in hex. II, 3, 13, 9, 11, IV, 8, 55, 10, 3, 21, 29, V, 5, 39. -
in pentem. 11, 9, 40, III, 5, 4, 16;Ι7, 1, 20, 7, 2, 9, 24, 14, 10, 18, 8, V,
1, 136, 140, 3, 18, 6, 42, 7, 6, 11, 18, 90, 98, ,
’ ad ΙΙΙ. in hexam. 1, 2, 7, 29, 3, 9, 25, 29, 5, 25, 6, 20, 7, 25,8’
28,10,18;11,21,14,21; 16, 37, 17,7,19,22, 9, ΙΙ, 1, 77, 7, 15, 8, 29,
ΙΙΙ, 2, 5, 8, 31, 12, 14, 20, 1, 7, 37, 41, 21, 5, 27, 37, 28, 21, Ι7, 1, 51, 4,
7, 5, 17, 7, 1, 8, 51, 9, 25, 10, 45, 11, 3, 12, 5, 31,51,13,1,23,16,33;
22, 1, 11, 17, V, 1, 19; 23, 27, 49, 123, 3, 65, 4, 17, 63, 5, 71, 6, 71, 7,
41;8,5,9, 15, 19,23,9, 27, 39, 41,49,52, 11, 31.

in pentem. Ι, 1, 30, 34, 3, 2, 24, 44, 5, 28, 8, 10, 12, 11, 10, 18;
12, 3, 10, 14, 2, 10,16,24, 34, 44, 19, 6, ΙΙ, 1, 68, 5, 22, 6, 36, 9, 103
14, ΙΙΙ, 1,4“, 3, 8, 5, 24, 7, 44, 3, 39, 12, 30, 17,4; 21, 2,28,26, 32, ³0⁵

 

