...41-

, ¹ Deinde apud Propertium persaepe pronomen vei adverbium
relativum in seeundum vel tertium, interdum in quartum looum
transfertur, oum apud Tibullum (exeeptis Pseudoubulliani's) nusquam
in quartum locum removeatur.

¹Secundo loeo legimus pronomen vel adverbium relativum:
Ι, 6, 31, 1, 19, 15, 8, ΙΙ, 9, 1, ΙΙΙ, 3, 1, 4, 2, 8, 37, 15,10,
17, 13, 19, 34, 31, 3, 32, 88, 17, 2, 2, 37,’4,;18, 31; 6, 66,
10, 15, 35, 29, 48, 57, 11, 14, 12, 26, 15, 3, 11, -17, 28, 21,
’22, 22, 2, 23, 2, 7, l, 11, 13, 19, 3, 21, 7, 60, 79, 9, 37, 67,
10, 34, 40, · ’ f

tertio loeozlss, 13, 13, 30, 14, 17, 6,“42, 8, 2, 14, 36,
17, 31, 18, 11, V, 2, 36, 5, 40, 7, 81, 9, 33,

quarto looot. Π,-6, 31, IV, 3, 20, 17, 1, 19, 2, semel
quinto HI, 27, 28.

Pronome'n vel adverbium interrogativum transfertur 111 seeundum
locum:111,17,6; 17, 8, 31, 8, 30, 6, ΙΙ, 8, 11, 7, 7, 28,

intertium: I, 16, 43, ΙΙ, 6, 25, 17, 4, 30, 14, 22, iu quartum:
I, 5, 13, ΙΙ, 7, 11, Ν, 15, 19, V, 2, 24, 3, 40, 11, 56.

Iam transgressus ad particularum inversionem inprimis oopu-
lativarum coniunctionum traieotionem, quam antiquioribus poetis

24, lv, 1, 1, 111, 111, 2, 2, 22, 12, a, 2, ’4, 22, 11, 42, 22, 11, 22, 11, 12, 12
18, 32, 36, 13, 24, laer, 16, 18, 19, 8, V, 2, 38, 3, 24, 68, 4, 3, 20, 44,
62, 5, 14, 6, 10, 68, 7, 2, 8, 2, 50, 64, 78, 9, 30, 52, 11, 20, 30, 62.

211 Ν. 111 hexam. 1, 1, 736, 23, 7, 15, ΙΙ, 1, 75, ΙΙΙ, 25, 2, Ν, 6, 53,
8, 15, V, 4, 77, 5, 43, 6, 76, 7, 59, 81, 9, 25.

111 ,12212111 Ι, 8, 30, 13, 24, 19, 20, 11, 1, 56, 72, 4, 16, 18, 5,12,
ΙΙΙ, 5, 22, 7, 48, 29, 30,25, 2, 28, 20, 22, 31, 24, 31, 41, IV, 1, 183 6, 60,
7, 4, 8, 54, 9, 20, 10, 60, 12, 6, 42, 60, 13, 6, 16, 28, 16, 24, 32, 36, 17,
10, 18. 12, 21, 20, 16, 21, 24, 32, 25,10, 12, V, 1, 28, 42, 76, 2, 56, 3,
14, 28, 4, 2, 12, 5, 65, 70, 7, 26, 60, 9, 48, 10, 12, 26, 48, 11, 2, 64.

2117111112112111. Ι,2,13, 21,21, 7,111,5,13, 20,5,30,15, 31,29,
17, 6, 39, 8, 41, 55, 9, 23, 10, 53, V, 1, 21, 47, 131,2,73, 6,3, 7, 37,
55,83, 8, 59.

111 pentem. Ι, 3, 8, 26, 7, 2, 4, 12, 6, 21, 4, ΙΙ, 1, 61 sq.·, 76, ΙΙΙ,
30, 21, Ν, 1, 50, 8, 8, 12, 30, 34, 17, 32, 7, 1, 124, 2, 14, 62, 6, 8, 7, 56,
8, 56, 10, 34, 44.

211 VI. in pentem. II, l, 74, ΙΙΙ, 7, 20, 13, 26, 23, 10, IV, 2, 22, 11,
22, 7, 1, 96, 2, 42, 4, 66, 6, 40, 7, 64, 70, 11, 2.

211711.111112112111.17,9,31,7, 5,79.

. 111 pentem, II, 1, 52, 3, 10, ΙΙΙ, 7, 19, 7, 5, 78, 10, 2, 11, 74.
211 7111. 111 hexam. ΙΙ, 4, 5, ΙΙΙ, 27, 35, IV, 6, 11, 12, 9.
in pentem. 1, 1, 38, 1V,1, 54, 17, 34, 7, 3, 34, 7, 50.

 

